		Multimodal function
|----------------------------------------------------------|
|        N |            T |            x |            f(x) |
|----------+--------------+--------------+-----------------|
|        1 |        10000 |     -3.53002 |       -0.376004 |
|----------+--------------+--------------+-----------------|
|        2 |        10000 |      1.45932 |       -0.740609 |
|----------+--------------+--------------+-----------------|
|        3 |         9500 |     -2.72207 |        0.522207 |
|----------+--------------+--------------+-----------------|
|        4 |         9025 |     -4.26725 |        0.142041 |
|----------+--------------+--------------+-----------------|
|        5 |      8573.75 |     -2.02464 |        -0.49188 |
|----------+--------------+--------------+-----------------|
|        6 |      8145.06 |      -1.3769 |        0.501302 |
|----------+--------------+--------------+-----------------|
|        7 |      7737.81 |     -4.64832 |       -0.149916 |
|----------+--------------+--------------+-----------------|
|        8 |      7350.92 |     -1.04765 |       -0.806895 |
|----------+--------------+--------------+-----------------|
|        9 |      6983.37 |     0.128267 |        -0.59765 |
|----------+--------------+--------------+-----------------|
|       10 |       6634.2 |    0.0983495 |       -0.471881 |
|----------+--------------+--------------+-----------------|
|       11 |      6302.49 |     -1.01297 |       -0.879605 |
|----------+--------------+--------------+-----------------|
|       12 |      5987.37 |     -3.50759 |       -0.395352 |
|----------+--------------+--------------+-----------------|
|       13 |         5688 |     -3.41638 |       -0.423185 |
|----------+--------------+--------------+-----------------|
|       14 |       5403.6 |     -1.47508 |        0.772302 |
|----------+--------------+--------------+-----------------|
|       15 |      5133.42 |     -2.36688 |        -0.46039 |
|----------+--------------+--------------+-----------------|
|       16 |      4876.75 |     -3.36538 |        -0.39959 |
|----------+--------------+--------------+-----------------|
|       17 |      4632.91 |     -2.14551 |        -0.71247 |
|----------+--------------+--------------+-----------------|
|       18 |      4401.27 |     0.226286 |       -0.902128 |
|----------+--------------+--------------+-----------------|
|       19 |       4181.2 |    -0.601447 |        0.130946 |
|----------+--------------+--------------+-----------------|
|       20 |      3972.14 |     0.577928 |       -0.244129 |
|----------+--------------+--------------+-----------------|
|       21 |      3773.54 |      1.17682 |        0.355886 |
|----------+--------------+--------------+-----------------|
|       22 |      3584.86 |      1.90184 |       0.0666676 |
|----------+--------------+--------------+-----------------|
|       23 |      3405.62 |     -4.35319 |       0.0480716 |
|----------+--------------+--------------+-----------------|
|       24 |      3235.34 |     -1.77241 |        0.435418 |
|----------+--------------+--------------+-----------------|
|       25 |      3073.57 |     -3.71981 |       -0.088615 |
|----------+--------------+--------------+-----------------|
|       26 |      2919.89 |     -1.03966 |       -0.825836 |
|----------+--------------+--------------+-----------------|
|       27 |       2773.9 |     0.155126 |       -0.699114 |
|----------+--------------+--------------+-----------------|
|       28 |       2635.2 |     -2.12059 |        -0.68767 |
|----------+--------------+--------------+-----------------|
|       29 |      2503.44 |     -3.14436 |     -0.00691496 |
|----------+--------------+--------------+-----------------|
|       30 |      2378.27 |     -1.69414 |        0.677982 |
|----------+--------------+--------------+-----------------|
|       31 |      2259.36 |     -2.23976 |       -0.703119 |
|----------+--------------+--------------+-----------------|
|       32 |      2146.39 |     -4.70712 |       -0.147329 |
|----------+--------------+--------------+-----------------|
|       33 |      2039.07 |    -0.393629 |         0.91319 |
|----------+--------------+--------------+-----------------|
|       34 |      1937.11 |   -0.0286739 |        0.142872 |
|----------+--------------+--------------+-----------------|
|       35 |      1840.26 |     0.289171 |       -0.987028 |
|----------+--------------+--------------+-----------------|
|       36 |      1748.25 |     -0.49038 |        0.626786 |
|----------+--------------+--------------+-----------------|
|       37 |      1660.83 |     -3.74145 |      -0.0499692 |
|----------+--------------+--------------+-----------------|
|       38 |      1577.79 |     -4.63589 |       -0.148646 |
|----------+--------------+--------------+-----------------|
|       39 |       1498.9 |    -0.167766 |        0.742553 |
|----------+--------------+--------------+-----------------|
|       40 |      1423.96 |     -3.77886 |       0.0153667 |
|----------+--------------+--------------+-----------------|
|       41 |      1352.76 |     -1.58984 |        0.846321 |
|----------+--------------+--------------+-----------------|
|       42 |      1285.12 |   -0.0105964 |       0.0529571 |
|----------+--------------+--------------+-----------------|
|       43 |      1220.87 |     -1.68799 |        0.693393 |
|----------+--------------+--------------+-----------------|
|       44 |      1159.82 |     -3.78301 |       0.0224065 |
|----------+--------------+--------------+-----------------|
|       45 |      1101.83 |     0.491776 |       -0.621413 |
|----------+--------------+--------------+-----------------|
|       46 |      1046.74 |      1.76093 |         -0.4756 |
|----------+--------------+--------------+-----------------|
|       47 |      994.403 |      -1.3531 |        0.412742 |
|----------+--------------+--------------+-----------------|
|       48 |      944.682 |     -3.94326 |         0.23241 |
|----------+--------------+--------------+-----------------|
|       49 |      897.448 |     -2.84629 |         0.57101 |
|----------+--------------+--------------+-----------------|
|       50 |      852.576 |     -2.93558 |        0.472736 |
|----------+--------------+--------------+-----------------|
|       51 |      809.947 |     0.459567 |       -0.737326 |
|----------+--------------+--------------+-----------------|
|       52 |       769.45 |      1.47385 |       -0.770009 |
|----------+--------------+--------------+-----------------|
|       53 |      730.977 |    -0.175347 |        0.767178 |
|----------+--------------+--------------+-----------------|
|       54 |      694.428 |     -4.07975 |        0.273904 |
|----------+--------------+--------------+-----------------|
|       55 |      659.707 |     -2.56898 |        0.176281 |
|----------+--------------+--------------+-----------------|
|       56 |      626.722 |     -4.37105 |        0.028676 |
|----------+--------------+--------------+-----------------|
|       57 |      595.386 |     0.891575 |        0.920496 |
|----------+--------------+--------------+-----------------|
|       58 |      565.616 |     0.138574 |       -0.637982 |
|----------+--------------+--------------+-----------------|
|       59 |      537.335 |     0.497523 |       -0.598984 |
|----------+--------------+--------------+-----------------|
|       60 |      510.469 |     0.502688 |       -0.578419 |
|----------+--------------+--------------+-----------------|
|       61 |      484.945 |     -4.36414 |       0.0361333 |
|----------+--------------+--------------+-----------------|
|       62 |      460.698 |      1.73992 |       -0.545493 |
|----------+--------------+--------------+-----------------|
|       63 |      437.663 |     0.469787 |       -0.702444 |
|----------+--------------+--------------+-----------------|
|       64 |       415.78 |    -0.286773 |        0.985557 |
|----------+--------------+--------------+-----------------|
|       65 |      394.991 |     -1.04948 |       -0.802402 |
|----------+--------------+--------------+-----------------|
|       66 |      375.241 |     0.930218 |        0.945108 |
|----------+--------------+--------------+-----------------|
|       67 |      356.479 |     -1.28854 |         0.14294 |
|----------+--------------+--------------+-----------------|
|       68 |      338.655 |    -0.892457 |        -0.92145 |
|----------+--------------+--------------+-----------------|
|       69 |      321.723 |     0.190602 |       -0.813313 |
|----------+--------------+--------------+-----------------|
|       70 |      305.636 |     0.164281 |       -0.730869 |
|----------+--------------+--------------+-----------------|
|       71 |      290.355 |     -4.10446 |         0.26708 |
|----------+--------------+--------------+-----------------|
|       72 |      275.837 |     0.803879 |        0.738679 |
|----------+--------------+--------------+-----------------|
|       73 |      262.045 |    0.0533495 |       -0.263549 |
|----------+--------------+--------------+-----------------|
|       74 |      248.943 |    -0.443671 |        0.787788 |
|----------+--------------+--------------+-----------------|
|       75 |      236.496 |     -4.51563 |        -0.10129 |
|----------+--------------+--------------+-----------------|
|       76 |      224.671 |     0.185283 |       -0.797757 |
|----------+--------------+--------------+-----------------|
|       77 |      213.437 |     -4.81879 |       -0.110435 |
|----------+--------------+--------------+-----------------|
|       78 |      202.765 |     -1.67614 |        0.721342 |
|----------+--------------+--------------+-----------------|
|       79 |      192.627 |     -1.81668 |        0.270341 |
|----------+--------------+--------------+-----------------|
|       80 |      182.996 |     -3.17346 |      -0.0780559 |
|----------+--------------+--------------+-----------------|
|       81 |      173.846 |     -2.99151 |        0.366534 |
|----------+--------------+--------------+-----------------|
|       82 |      165.154 |     -3.44963 |       -0.423096 |
|----------+--------------+--------------+-----------------|
|       83 |      156.896 |     -3.25159 |       -0.246972 |
|----------+--------------+--------------+-----------------|
|       84 |      149.051 |      1.26359 |      -0.0314247 |
|----------+--------------+--------------+-----------------|
|       85 |      141.599 |      1.23949 |       0.0776898 |
|----------+--------------+--------------+-----------------|
|       86 |      134.519 |      1.34403 |       -0.377203 |
|----------+--------------+--------------+-----------------|
|       87 |      127.793 |     -2.04906 |       -0.555758 |
|----------+--------------+--------------+-----------------|
|       88 |      121.403 |     -2.69864 |        0.487704 |
|----------+--------------+--------------+-----------------|
|       89 |      115.333 |    -0.673382 |       -0.217142 |
|----------+--------------+--------------+-----------------|
|       90 |      109.566 |     -4.53436 |        -0.11282 |
|----------+--------------+--------------+-----------------|
|       91 |      104.088 |     0.222157 |       -0.893286 |
|----------+--------------+--------------+-----------------|
|       92 |      98.8836 |     -4.30567 |        0.100516 |
|----------+--------------+--------------+-----------------|
|       93 |      93.9395 |     0.591542 |       -0.178878 |
|----------+--------------+--------------+-----------------|
|       94 |      89.2425 |     0.747683 |        0.542607 |
|----------+--------------+--------------+-----------------|
|       95 |      84.7804 |      1.88118 |      -0.0150139 |
|----------+--------------+--------------+-----------------|
|       96 |      80.5413 |      1.23206 |        0.111326 |
|----------+--------------+--------------+-----------------|
|       97 |      76.5143 |     -4.93761 |      -0.0468686 |
|----------+--------------+--------------+-----------------|
|       98 |      72.6886 |     -4.56337 |        -0.12771 |
|----------+--------------+--------------+-----------------|
|       99 |      69.0541 |      -2.2517 |       -0.690621 |
|----------+--------------+--------------+-----------------|
|      100 |      65.6014 |     0.741119 |        0.516432 |
|----------+--------------+--------------+-----------------|
|      101 |      62.3214 |    -0.425159 |        0.840335 |
|----------+--------------+--------------+-----------------|
|      102 |      59.2053 |     -4.56088 |       -0.126575 |
|----------+--------------+--------------+-----------------|
|      103 |       56.245 |      1.12521 |         0.56378 |
|----------+--------------+--------------+-----------------|
|      104 |      53.4328 |     -2.27192 |       -0.664061 |
|----------+--------------+--------------+-----------------|
|      105 |      50.7611 |     0.388804 |       -0.922387 |
|----------+--------------+--------------+-----------------|
|      106 |      48.2231 |     -4.70165 |       -0.148137 |
|----------+--------------+--------------+-----------------|
|      107 |      45.8119 |     -1.41738 |        0.633276 |
|----------+--------------+--------------+-----------------|
|      108 |      43.5213 |   -0.0814963 |        0.396134 |
|----------+--------------+--------------+-----------------|
|      109 |      41.3453 |     0.883972 |        0.911511 |
|----------+--------------+--------------+-----------------|
|      110 |       39.278 |     -2.75488 |        0.557282 |
|----------+--------------+--------------+-----------------|
|      111 |      37.3141 |      1.34961 |       -0.399168 |
|----------+--------------+--------------+-----------------|
|      112 |      35.4484 |     -2.94403 |        0.458583 |
|----------+--------------+--------------+-----------------|
|      113 |       33.676 |     -4.95606 |       -0.036625 |
|----------+--------------+--------------+-----------------|
|      114 |      31.9922 |       0.7388 |         0.50704 |
|----------+--------------+--------------+-----------------|
|      115 |      30.3926 |       0.7388 |         0.50704 |
|----------+--------------+--------------+-----------------|
|      116 |      28.8729 |     0.939997 |        0.945712 |
|----------+--------------+--------------+-----------------|
|      117 |      27.4293 |      1.40239 |       -0.587406 |
|----------+--------------+--------------+-----------------|
|      118 |      26.0578 |      1.00238 |        0.896719 |
|----------+--------------+--------------+-----------------|
|      119 |      24.7549 |     -2.84931 |        0.569388 |
|----------+--------------+--------------+-----------------|
|      120 |      23.5172 |    -0.256497 |        0.954789 |
|----------+--------------+--------------+-----------------|
|      121 |      22.3413 |      1.72553 |       -0.590282 |
|----------+--------------+--------------+-----------------|
|      122 |      21.2243 |     0.493113 |        -0.61624 |
|----------+--------------+--------------+-----------------|
|      123 |      20.1631 |     -2.48063 |       -0.107602 |
|----------+--------------+--------------+-----------------|
|      124 |      19.1549 |     -4.00887 |        0.269658 |
|----------+--------------+--------------+-----------------|
|      125 |      18.1972 |    -0.760456 |       -0.591745 |
|----------+--------------+--------------+-----------------|
|      126 |      17.2873 |     -3.71051 |       -0.105256 |
|----------+--------------+--------------+-----------------|
|      127 |      16.4229 |     -4.17784 |        0.225141 |
|----------+--------------+--------------+-----------------|
|      128 |      15.6018 |     0.133512 |       -0.618382 |
|----------+--------------+--------------+-----------------|
|      129 |      14.8217 |      1.70613 |        -0.64621 |
|----------+--------------+--------------+-----------------|
|      130 |      14.0806 |       0.1089 |       -0.517605 |
|----------+--------------+--------------+-----------------|
|      131 |      13.3766 |      1.05574 |        0.786451 |
|----------+--------------+--------------+-----------------|
|      132 |      12.7078 |     -4.15409 |        0.241929 |
|----------+--------------+--------------+-----------------|
|      133 |      12.0724 |      1.09968 |        0.654588 |
|----------+--------------+--------------+-----------------|
|      134 |      11.4687 |      1.90473 |        0.077983 |
|----------+--------------+--------------+-----------------|
|      135 |      10.8953 |    -0.108694 |        0.516728 |
|----------+--------------+--------------+-----------------|
|      136 |      10.3505 |     0.844731 |        0.844133 |
|----------+--------------+--------------+-----------------|
|      137 |      9.83302 |     0.284024 |       -0.983693 |
|----------+--------------+--------------+-----------------|
|      138 |      9.34136 |    -0.152885 |        0.691113 |
|----------+--------------+--------------+-----------------|
|      139 |       8.8743 |     -4.56529 |       -0.128561 |
|----------+--------------+--------------+-----------------|
|      140 |      8.43058 |     -2.40938 |       -0.337058 |
|----------+--------------+--------------+-----------------|
|      141 |      8.00905 |     -1.54446 |        0.850748 |
|----------+--------------+--------------+-----------------|
|      142 |       7.6086 |     -3.91627 |        0.207904 |
|----------+--------------+--------------+-----------------|
|      143 |      7.22817 |     0.974908 |         0.92941 |
|----------+--------------+--------------+-----------------|
|      144 |      6.86676 |     -2.92514 |        0.489204 |
|----------+--------------+--------------+-----------------|
|      145 |      6.52342 |    -0.777647 |        -0.65383 |
|----------+--------------+--------------+-----------------|
|      146 |      6.19725 |     -1.74947 |        0.514348 |
|----------+--------------+--------------+-----------------|
|      147 |      5.88739 |    -0.562639 |        0.316188 |
|----------+--------------+--------------+-----------------|
|      148 |      5.59302 |    -0.927309 |       -0.944489 |
|----------+--------------+--------------+-----------------|
|      149 |      5.31337 |    -0.703778 |       -0.357121 |
|----------+--------------+--------------+-----------------|
|      150 |       5.0477 |     -1.22118 |       -0.160439 |
|----------+--------------+--------------+-----------------|
|      151 |      4.79532 |     -2.05049 |       -0.559231 |
|----------+--------------+--------------+-----------------|
|      152 |      4.55555 |     -2.16544 |       -0.724076 |
|----------+--------------+--------------+-----------------|
|      153 |      4.32777 |     -2.43001 |       -0.272647 |
|----------+--------------+--------------+-----------------|
|      154 |      4.11138 |     -3.06575 |          0.1921 |
|----------+--------------+--------------+-----------------|
|      155 |      3.90581 |     -1.29985 |        0.192521 |
|----------+--------------+--------------+-----------------|
|      156 |      3.71052 |      -4.6447 |       -0.149615 |
|----------+--------------+--------------+-----------------|
|      157 |        3.525 |     -2.45512 |       -0.191598 |
|----------+--------------+--------------+-----------------|
|      158 |      3.34875 |     -2.25946 |       -0.681219 |
|----------+--------------+--------------+-----------------|
|      159 |      3.18131 |     0.639321 |       0.0535931 |
|----------+--------------+--------------+-----------------|
|      160 |      3.02224 |     -0.88417 |       -0.911762 |
|----------+--------------+--------------+-----------------|
|      161 |      2.87113 |      1.07404 |        0.735649 |
|----------+--------------+--------------+-----------------|
|      162 |      2.72758 |     -4.42863 |       -0.030281 |
|----------+--------------+--------------+-----------------|
|      163 |       2.5912 |      1.23428 |        0.101253 |
|----------+--------------+--------------+-----------------|
|      164 |      2.46164 |      1.54628 |       -0.851423 |
|----------+--------------+--------------+-----------------|
|      165 |      2.33856 |     0.245269 |       -0.937727 |
|----------+--------------+--------------+-----------------|
|      166 |      2.22163 |     0.245269 |       -0.937727 |
|----------+--------------+--------------+-----------------|
|      167 |      2.11055 |      -3.5042 |       -0.397878 |
|----------+--------------+--------------+-----------------|
|      168 |      2.00502 |     -3.79401 |       0.0408355 |
|----------+--------------+--------------+-----------------|
|      169 |      1.90477 |      1.80178 |       -0.327426 |
|----------+--------------+--------------+-----------------|
|      170 |      1.80953 |     -1.22313 |       -0.151626 |
|----------+--------------+--------------+-----------------|
|      171 |      1.71905 |     -1.22313 |       -0.151626 |
|----------+--------------+--------------+-----------------|
|      172 |       1.6331 |     0.181878 |       -0.787498 |
|----------+--------------+--------------+-----------------|
|      173 |      1.55145 |     0.181878 |       -0.787498 |
|----------+--------------+--------------+-----------------|
|      174 |      1.47387 |     0.181878 |       -0.787498 |
|----------+--------------+--------------+-----------------|
|      175 |      1.40018 |     0.181878 |       -0.787498 |
|----------+--------------+--------------+-----------------|
|      176 |      1.33017 |      1.60586 |       -0.834312 |
|----------+--------------+--------------+-----------------|
|      177 |      1.26366 |     -2.23317 |       -0.708973 |
|----------+--------------+--------------+-----------------|
|      178 |      1.20048 |     0.245182 |       -0.937582 |
|----------+--------------+--------------+-----------------|
|      179 |      1.14045 |     0.245182 |       -0.937582 |
|----------+--------------+--------------+-----------------|
|      180 |      1.08343 |     0.245182 |       -0.937582 |
|----------+--------------+--------------+-----------------|
|      181 |      1.02926 |     0.245182 |       -0.937582 |
|----------+--------------+--------------+-----------------|
|      182 |     0.977798 |     0.245182 |       -0.937582 |
|----------+--------------+--------------+-----------------|
|      183 |     0.928908 |     -3.20123 |       -0.142516 |
|----------+--------------+--------------+-----------------|
|      184 |     0.882462 |     -1.31568 |        0.260568 |
|----------+--------------+--------------+-----------------|
|      185 |     0.838339 |     -1.31568 |        0.260568 |
|----------+--------------+--------------+-----------------|
|      186 |     0.796422 |     -3.13694 |       0.0116597 |
|----------+--------------+--------------+-----------------|
|      187 |     0.756601 |    -0.343668 |        0.981851 |
|----------+--------------+--------------+-----------------|
|      188 |     0.718771 |    -0.789625 |       -0.694123 |
|----------+--------------+--------------+-----------------|
|      189 |     0.682833 |      1.86323 |      -0.0865372 |
|----------+--------------+--------------+-----------------|
|      190 |     0.648691 |      1.86323 |      -0.0865372 |
|----------+--------------+--------------+-----------------|
|      191 |     0.616256 |   -0.0846481 |        0.410533 |
|----------+--------------+--------------+-----------------|
|      192 |     0.585444 |     -1.10931 |       -0.621442 |
|----------+--------------+--------------+-----------------|
|      193 |     0.556171 |     0.137298 |       -0.633079 |
|----------+--------------+--------------+-----------------|
|      194 |     0.528363 |     0.137298 |       -0.633079 |
|----------+--------------+--------------+-----------------|
|      195 |     0.501945 |     0.137298 |       -0.633079 |
|----------+--------------+--------------+-----------------|
|      196 |     0.476847 |     0.137298 |       -0.633079 |
|----------+--------------+--------------+-----------------|
|      197 |     0.453005 |     0.137298 |       -0.633079 |
|----------+--------------+--------------+-----------------|
|      198 |     0.430355 |     0.137298 |       -0.633079 |
|----------+--------------+--------------+-----------------|
|      199 |     0.408837 |     0.137298 |       -0.633079 |
|----------+--------------+--------------+-----------------|
|      200 |     0.388395 |     0.215407 |       -0.878004 |
|----------+--------------+--------------+-----------------|
|      201 |     0.368975 |     0.215407 |       -0.878004 |
|----------+--------------+--------------+-----------------|
|      202 |     0.350527 |     0.215407 |       -0.878004 |
|----------+--------------+--------------+-----------------|
|      203 |        0.333 |     0.215407 |       -0.878004 |
|----------+--------------+--------------+-----------------|
|      204 |      0.31635 |     0.215407 |       -0.878004 |
|----------+--------------+--------------+-----------------|
|      205 |     0.300533 |     0.215407 |       -0.878004 |
|----------+--------------+--------------+-----------------|
|      206 |     0.285506 |    -0.864696 |       -0.882751 |
|----------+--------------+--------------+-----------------|
|      207 |     0.271231 |     -2.14921 |       -0.715181 |
|----------+--------------+--------------+-----------------|
|      208 |     0.257669 |     -3.22457 |       -0.193182 |
|----------+--------------+--------------+-----------------|
|      209 |     0.244786 |     -3.22457 |       -0.193182 |
|----------+--------------+--------------+-----------------|
|      210 |     0.232547 |     -3.22457 |       -0.193182 |
|----------+--------------+--------------+-----------------|
|      211 |     0.220919 |     -3.22457 |       -0.193182 |
|----------+--------------+--------------+-----------------|
|      212 |     0.209873 |     0.264164 |       -0.964698 |
|----------+--------------+--------------+-----------------|
|      213 |      0.19938 |     0.264164 |       -0.964698 |
|----------+--------------+--------------+-----------------|
|      214 |     0.189411 |     0.264164 |       -0.964698 |
|----------+--------------+--------------+-----------------|
|      215 |      0.17994 |     0.264164 |       -0.964698 |
|----------+--------------+--------------+-----------------|
|      216 |     0.170943 |     0.264164 |       -0.964698 |
|----------+--------------+--------------+-----------------|
|      217 |     0.162396 |     0.264164 |       -0.964698 |
|----------+--------------+--------------+-----------------|
|      218 |     0.154276 |     0.264164 |       -0.964698 |
|----------+--------------+--------------+-----------------|
|      219 |     0.146562 |     0.264164 |       -0.964698 |
|----------+--------------+--------------+-----------------|
|      220 |     0.139234 |     0.264164 |       -0.964698 |
|----------+--------------+--------------+-----------------|
|      221 |     0.132272 |     0.264164 |       -0.964698 |
|----------+--------------+--------------+-----------------|
|      222 |     0.125659 |     0.264164 |       -0.964698 |
|----------+--------------+--------------+-----------------|
|      223 |     0.119376 |     0.264164 |       -0.964698 |
|----------+--------------+--------------+-----------------|
|      224 |     0.113407 |     0.264164 |       -0.964698 |
|----------+--------------+--------------+-----------------|
|      225 |     0.107737 |     0.264164 |       -0.964698 |
|----------+--------------+--------------+-----------------|
|      226 |      0.10235 |     0.264164 |       -0.964698 |
|----------------------------------------------------------|
	RESULT: Xmin = 0.264164		Fmin = -0.964698


