		Unomodal function
|----------------------------------------------------------|
|        N |            T |            x |            f(x) |
|----------+--------------+--------------+-----------------|
|        1 |        10000 |      -2.4563 |       -0.667991 |
|----------+--------------+--------------+-----------------|
|        2 |        10000 |      1.25458 |       -0.904811 |
|----------+--------------+--------------+-----------------|
|        3 |         9500 |    -0.288279 |       -0.994815 |
|----------+--------------+--------------+-----------------|
|        4 |         9025 |    -0.245257 |       -0.996245 |
|----------+--------------+--------------+-----------------|
|        5 |      8573.75 |     -1.74437 |       -0.821578 |
|----------+--------------+--------------+-----------------|
|        6 |      8145.06 |       1.4165 |       -0.879751 |
|----------+--------------+--------------+-----------------|
|        7 |      7737.81 |     -4.33051 |        -0.21997 |
|----------+--------------+--------------+-----------------|
|        8 |      7350.92 |     -4.80754 |       -0.130033 |
|----------+--------------+--------------+-----------------|
|        9 |      6983.37 |     -4.27747 |       -0.231052 |
|----------+--------------+--------------+-----------------|
|       10 |       6634.2 |     -3.97954 |        -0.29659 |
|----------+--------------+--------------+-----------------|
|       11 |      6302.49 |     -3.67718 |       -0.367698 |
|----------+--------------+--------------+-----------------|
|       12 |      5987.37 |      -4.2148 |       -0.244389 |
|----------+--------------+--------------+-----------------|
|       13 |         5688 |       1.9249 |       -0.785755 |
|----------+--------------+--------------+-----------------|
|       14 |       5403.6 |      -1.7191 |       -0.826389 |
|----------+--------------+--------------+-----------------|
|       15 |      5133.42 |    0.0909591 |       -0.999483 |
|----------+--------------+--------------+-----------------|
|       16 |      4876.75 |     -4.98309 |       -0.101973 |
|----------+--------------+--------------+-----------------|
|       17 |      4632.91 |      1.12723 |       -0.922665 |
|----------+--------------+--------------+-----------------|
|       18 |      4401.27 |    -0.240709 |       -0.996383 |
|----------+--------------+--------------+-----------------|
|       19 |       4181.2 |    -0.863596 |       -0.954107 |
|----------+--------------+--------------+-----------------|
|       20 |      3972.14 |     -2.20105 |       -0.726563 |
|----------+--------------+--------------+-----------------|
|       21 |      3773.54 |    -0.428928 |       -0.988545 |
|----------+--------------+--------------+-----------------|
|       22 |      3584.86 |     -4.26494 |       -0.233698 |
|----------+--------------+--------------+-----------------|
|       23 |      3405.62 |     -2.61529 |       -0.630063 |
|----------+--------------+--------------+-----------------|
|       24 |      3235.34 |     -1.72124 |       -0.825984 |
|----------+--------------+--------------+-----------------|
|       25 |      3073.57 |     -4.42757 |       -0.200204 |
|----------+--------------+--------------+-----------------|
|       26 |      2919.89 |     -3.96649 |       -0.299572 |
|----------+--------------+--------------+-----------------|
|       27 |       2773.9 |     -1.17194 |       -0.916588 |
|----------+--------------+--------------+-----------------|
|       28 |       2635.2 |    -0.340591 |       -0.992767 |
|----------+--------------+--------------+-----------------|
|       29 |      2503.44 |        -4.55 |       -0.176287 |
|----------+--------------+--------------+-----------------|
|       30 |      2378.27 |     -2.14839 |       -0.738221 |
|----------+--------------+--------------+-----------------|
|       31 |      2259.36 |     -4.35753 |       -0.214398 |
|----------+--------------+--------------+-----------------|
|       32 |      2146.39 |     -1.42586 |       -0.878224 |
|----------+--------------+--------------+-----------------|
|       33 |      2039.07 |     -3.33707 |       -0.451209 |
|----------+--------------+--------------+-----------------|
|       34 |      1937.11 |    -0.640663 |       -0.974566 |
|----------+--------------+--------------+-----------------|
|       35 |      1840.26 |     -2.19357 |        -0.72823 |
|----------+--------------+--------------+-----------------|
|       36 |      1748.25 |     -4.35976 |       -0.213942 |
|----------+--------------+--------------+-----------------|
|       37 |      1660.83 |     -4.83474 |       -0.125493 |
|----------+--------------+--------------+-----------------|
|       38 |      1577.79 |     -4.97538 |       -0.103142 |
|----------+--------------+--------------+-----------------|
|       39 |       1498.9 |    0.0714764 |       -0.999681 |
|----------+--------------+--------------+-----------------|
|       40 |      1423.96 |    -0.215172 |       -0.997109 |
|----------+--------------+--------------+-----------------|
|       41 |      1352.76 |     -2.38895 |        -0.68375 |
|----------+--------------+--------------+-----------------|
|       42 |      1285.12 |     -3.54144 |       -0.400702 |
|----------+--------------+--------------+-----------------|
|       43 |      1220.87 |    -0.259389 |       -0.995801 |
|----------+--------------+--------------+-----------------|
|       44 |      1159.82 |    -0.262678 |       -0.995694 |
|----------+--------------+--------------+-----------------|
|       45 |      1101.83 |    -0.162957 |       -0.998341 |
|----------+--------------+--------------+-----------------|
|       46 |      1046.74 |     0.770828 |       -0.963321 |
|----------+--------------+--------------+-----------------|
|       47 |      994.403 |     -2.50355 |       -0.656819 |
|----------+--------------+--------------+-----------------|
|       48 |      944.682 |     0.826932 |       -0.957867 |
|----------+--------------+--------------+-----------------|
|       49 |      897.448 |     0.348065 |       -0.992447 |
|----------+--------------+--------------+-----------------|
|       50 |      852.576 |       1.8633 |       -0.798256 |
|----------+--------------+--------------+-----------------|
|       51 |      809.947 |     -3.07779 |       -0.515947 |
|----------+--------------+--------------+-----------------|
|       52 |       769.45 |   -0.0489918 |        -0.99985 |
|----------+--------------+--------------+-----------------|
|       53 |      730.977 |      1.28154 |       -0.900817 |
|----------+--------------+--------------+-----------------|
|       54 |      694.428 |    0.0993582 |       -0.999383 |
|----------+--------------+--------------+-----------------|
|       55 |      659.707 |      1.92178 |       -0.786395 |
|----------+--------------+--------------+-----------------|
|       56 |      626.722 |     0.264618 |        -0.99563 |
|----------+--------------+--------------+-----------------|
|       57 |      595.386 |     -4.14315 |       -0.259946 |
|----------+--------------+--------------+-----------------|
|       58 |      565.616 |     -1.81083 |        -0.80868 |
|----------+--------------+--------------+-----------------|
|       59 |      537.335 |      0.92833 |       -0.947098 |
|----------+--------------+--------------+-----------------|
|       60 |      510.469 |     -1.96049 |       -0.778409 |
|----------+--------------+--------------+-----------------|
|       61 |      484.945 |     -3.46062 |        -0.42058 |
|----------+--------------+--------------+-----------------|
|       62 |      460.698 |     0.371226 |       -0.991412 |
|----------+--------------+--------------+-----------------|
|       63 |      437.663 |      0.46827 |       -0.986358 |
|----------+--------------+--------------+-----------------|
|       64 |       415.78 |     -1.89145 |       -0.792577 |
|----------+--------------+--------------+-----------------|
|       65 |      394.991 |     -4.02694 |       -0.285822 |
|----------+--------------+--------------+-----------------|
|       66 |      375.241 |    -0.701031 |       -0.969598 |
|----------+--------------+--------------+-----------------|
|       67 |      356.479 |     -1.53049 |       -0.860607 |
|----------+--------------+--------------+-----------------|
|       68 |      338.655 |      -1.8741 |       -0.796084 |
|----------+--------------+--------------+-----------------|
|       69 |      321.723 |     -4.03649 |       -0.283666 |
|----------+--------------+--------------+-----------------|
|       70 |      305.636 |     -1.26022 |       -0.903982 |
|----------+--------------+--------------+-----------------|
|       71 |      290.355 |     -2.51027 |       -0.655224 |
|----------+--------------+--------------+-----------------|
|       72 |      275.837 |     -1.97867 |       -0.774622 |
|----------+--------------+--------------+-----------------|
|       73 |      262.045 |       1.8224 |         -0.8064 |
|----------+--------------+--------------+-----------------|
|       74 |      248.943 |     -1.09617 |       -0.926761 |
|----------+--------------+--------------+-----------------|
|       75 |      236.496 |     -2.05689 |       -0.758075 |
|----------+--------------+--------------+-----------------|
|       76 |      224.671 |     -2.83156 |       -0.577199 |
|----------+--------------+--------------+-----------------|
|       77 |      213.437 |     -1.69287 |       -0.831329 |
|----------+--------------+--------------+-----------------|
|       78 |      202.765 |     0.357614 |       -0.992028 |
|----------+--------------+--------------+-----------------|
|       79 |      192.627 |     -2.27171 |       -0.710679 |
|----------+--------------+--------------+-----------------|
|       80 |      182.996 |     -2.72972 |       -0.602242 |
|----------+--------------+--------------+-----------------|
|       81 |      173.846 |    -0.257956 |       -0.995847 |
|----------+--------------+--------------+-----------------|
|       82 |      165.154 |     -4.35849 |       -0.214202 |
|----------+--------------+--------------+-----------------|
|       83 |      156.896 |     -4.12194 |       -0.264611 |
|----------+--------------+--------------+-----------------|
|       84 |      149.051 |     -1.24994 |        -0.90549 |
|----------+--------------+--------------+-----------------|
|       85 |      141.599 |     0.705527 |       -0.969211 |
|----------+--------------+--------------+-----------------|
|       86 |      134.519 |     -3.14888 |       -0.498179 |
|----------+--------------+--------------+-----------------|
|       87 |      127.793 |      -1.9955 |       -0.771096 |
|----------+--------------+--------------+-----------------|
|       88 |      121.403 |     0.320638 |       -0.993588 |
|----------+--------------+--------------+-----------------|
|       89 |      115.333 |      1.72964 |       -0.824389 |
|----------+--------------+--------------+-----------------|
|       90 |      109.566 |     -4.86178 |       -0.121048 |
|----------+--------------+--------------+-----------------|
|       91 |      104.088 |      1.98386 |       -0.773539 |
|----------+--------------+--------------+-----------------|
|       92 |      98.8836 |       -1.122 |       -0.923362 |
|----------+--------------+--------------+-----------------|
|       93 |      93.9395 |     -1.81712 |       -0.807441 |
|----------+--------------+--------------+-----------------|
|       94 |      89.2425 |      1.89933 |       -0.790979 |
|----------+--------------+--------------+-----------------|
|       95 |      84.7804 |     -2.30785 |       -0.702451 |
|----------+--------------+--------------+-----------------|
|       96 |      80.5413 |     -3.94227 |       -0.305135 |
|----------+--------------+--------------+-----------------|
|       97 |      76.5143 |      1.64239 |       -0.840673 |
|----------+--------------+--------------+-----------------|
|       98 |      72.6886 |    -0.635139 |       -0.974999 |
|----------+--------------+--------------+-----------------|
|       99 |      69.0541 |     -1.78179 |       -0.814358 |
|----------+--------------+--------------+-----------------|
|      100 |      65.6014 |      -1.2885 |       -0.899775 |
|----------+--------------+--------------+-----------------|
|      101 |      62.3214 |     0.488489 |        -0.98516 |
|----------+--------------+--------------+-----------------|
|      102 |      59.2053 |      1.63835 |       -0.841412 |
|----------+--------------+--------------+-----------------|
|      103 |       56.245 |         1.13 |       -0.922295 |
|----------+--------------+--------------+-----------------|
|      104 |      53.4328 |     -2.62571 |       -0.627544 |
|----------+--------------+--------------+-----------------|
|      105 |      50.7611 |     -2.11995 |       -0.744448 |
|----------+--------------+--------------+-----------------|
|      106 |      48.2231 |     -3.92019 |       -0.310231 |
|----------+--------------+--------------+-----------------|
|      107 |      45.8119 |     -3.49052 |       -0.413211 |
|----------+--------------+--------------+-----------------|
|      108 |      43.5213 |    -0.915692 |       -0.948503 |
|----------+--------------+--------------+-----------------|
|      109 |      41.3453 |     -2.49663 |        -0.65846 |
|----------+--------------+--------------+-----------------|
|      110 |       39.278 |      -1.7853 |       -0.813676 |
|----------+--------------+--------------+-----------------|
|      111 |      37.3141 |     -2.35842 |       -0.690828 |
|----------+--------------+--------------+-----------------|
|      112 |      35.4484 |     -1.80144 |       -0.810523 |
|----------+--------------+--------------+-----------------|
|      113 |       33.676 |      1.51958 |        -0.86249 |
|----------+--------------+--------------+-----------------|
|      114 |      31.9922 |     0.115149 |       -0.999172 |
|----------+--------------+--------------+-----------------|
|      115 |      30.3926 |     -3.01312 |       -0.532097 |
|----------+--------------+--------------+-----------------|
|      116 |      28.8729 |     -3.87957 |       -0.319663 |
|----------+--------------+--------------+-----------------|
|      117 |      27.4293 |     -2.73866 |       -0.600053 |
|----------+--------------+--------------+-----------------|
|      118 |      26.0578 |     -2.82184 |       -0.579597 |
|----------+--------------+--------------+-----------------|
|      119 |      24.7549 |     -3.09627 |       -0.511331 |
|----------+--------------+--------------+-----------------|
|      120 |      23.5172 |     0.757835 |       -0.964533 |
|----------+--------------+--------------+-----------------|
|      121 |      22.3413 |    -0.725584 |       -0.967455 |
|----------+--------------+--------------+-----------------|
|      122 |      21.2243 |     -1.74549 |       -0.821364 |
|----------+--------------+--------------+-----------------|
|      123 |      20.1631 |     -1.08724 |       -0.927922 |
|----------+--------------+--------------+-----------------|
|      124 |      19.1549 |    -0.291943 |       -0.994683 |
|----------+--------------+--------------+-----------------|
|      125 |      18.1972 |     -1.62368 |       -0.844083 |
|----------+--------------+--------------+-----------------|
|      126 |      17.2873 |     -4.96034 |       -0.105441 |
|----------+--------------+--------------+-----------------|
|      127 |      16.4229 |     -4.63314 |       -0.160731 |
|----------+--------------+--------------+-----------------|
|      128 |      15.6018 |    -0.777609 |       -0.962681 |
|----------+--------------+--------------+-----------------|
|      129 |      14.8217 |     -4.23414 |       -0.240246 |
|----------+--------------+--------------+-----------------|
|      130 |      14.0806 |      1.72576 |       -0.825127 |
|----------+--------------+--------------+-----------------|
|      131 |      13.3766 |     -2.99502 |       -0.536611 |
|----------+--------------+--------------+-----------------|
|      132 |      12.7078 |     -2.63266 |       -0.625865 |
|----------+--------------+--------------+-----------------|
|      133 |      12.0724 |     -1.06275 |       -0.931056 |
|----------+--------------+--------------+-----------------|
|      134 |      11.4687 |     -1.13556 |       -0.921548 |
|----------+--------------+--------------+-----------------|
|      135 |      10.8953 |      -2.9476 |       -0.548423 |
|----------+--------------+--------------+-----------------|
|      136 |      10.3505 |     -3.69417 |       -0.363607 |
|----------+--------------+--------------+-----------------|
|      137 |      9.83302 |     -1.46965 |       -0.870975 |
|----------+--------------+--------------+-----------------|
|      138 |      9.34136 |     -1.43283 |       -0.877083 |
|----------+--------------+--------------+-----------------|
|      139 |       8.8743 |     0.350985 |        -0.99232 |
|----------+--------------+--------------+-----------------|
|      140 |      8.43058 |      1.06998 |       -0.930137 |
|----------+--------------+--------------+-----------------|
|      141 |      8.00905 |    -0.105999 |       -0.999298 |
|----------+--------------+--------------+-----------------|
|      142 |       7.6086 |    -0.172185 |       -0.998148 |
|----------+--------------+--------------+-----------------|
|      143 |      7.22817 |     -3.85148 |        -0.32623 |
|----------+--------------+--------------+-----------------|
|      144 |      6.86676 |      1.65809 |       -0.837791 |
|----------+--------------+--------------+-----------------|
|      145 |      6.52342 |     0.856572 |       -0.954839 |
|----------+--------------+--------------+-----------------|
|      146 |      6.19725 |     0.450461 |       -0.987371 |
|----------+--------------+--------------+-----------------|
|      147 |      5.88739 |     0.945138 |       -0.945201 |
|----------+--------------+--------------+-----------------|
|      148 |      5.59302 |    -0.293165 |       -0.994638 |
|----------+--------------+--------------+-----------------|
|      149 |      5.31337 |        1.312 |       -0.896219 |
|----------+--------------+--------------+-----------------|
|      150 |       5.0477 |     0.472695 |         -0.9861 |
|----------+--------------+--------------+-----------------|
|      151 |      4.79532 |     -1.23683 |         -0.9074 |
|----------+--------------+--------------+-----------------|
|      152 |      4.55555 |     -4.52232 |       -0.181591 |
|----------+--------------+--------------+-----------------|
|      153 |      4.32777 |     0.211724 |       -0.997201 |
|----------+--------------+--------------+-----------------|
|      154 |      4.11138 |    -0.585067 |       -0.978758 |
|----------+--------------+--------------+-----------------|
|      155 |      3.90581 |    -0.585067 |       -0.978758 |
|----------+--------------+--------------+-----------------|
|      156 |      3.71052 |     -4.85519 |       -0.122125 |
|----------+--------------+--------------+-----------------|
|      157 |        3.525 |     -2.35984 |         -0.6905 |
|----------+--------------+--------------+-----------------|
|      158 |      3.34875 |     -1.32484 |       -0.894253 |
|----------+--------------+--------------+-----------------|
|      159 |      3.18131 |   -0.0283477 |        -0.99995 |
|----------+--------------+--------------+-----------------|
|      160 |      3.02224 |     -4.00885 |       -0.289917 |
|----------+--------------+--------------+-----------------|
|      161 |      2.87113 |     -1.55744 |       -0.855906 |
|----------+--------------+--------------+-----------------|
|      162 |      2.72758 |      0.88515 |       -0.951826 |
|----------+--------------+--------------+-----------------|
|      163 |       2.5912 |      0.88515 |       -0.951826 |
|----------+--------------+--------------+-----------------|
|      164 |      2.46164 |     -4.96633 |       -0.104522 |
|----------+--------------+--------------+-----------------|
|      165 |      2.33856 |     0.845969 |       -0.955934 |
|----------+--------------+--------------+-----------------|
|      166 |      2.22163 |     0.890237 |        -0.95128 |
|----------+--------------+--------------+-----------------|
|      167 |      2.11055 |    -0.208892 |       -0.997275 |
|----------+--------------+--------------+-----------------|
|      168 |      2.00502 |    -0.213528 |       -0.997153 |
|----------+--------------+--------------+-----------------|
|      169 |      1.90477 |    -0.896891 |       -0.950561 |
|----------+--------------+--------------+-----------------|
|      170 |      1.80953 |    -0.722911 |       -0.967692 |
|----------+--------------+--------------+-----------------|
|      171 |      1.71905 |     -4.13372 |       -0.262017 |
|----------+--------------+--------------+-----------------|
|      172 |       1.6331 |    -0.245232 |       -0.996246 |
|----------+--------------+--------------+-----------------|
|      173 |      1.55145 |     0.295334 |       -0.994559 |
|----------+--------------+--------------+-----------------|
|      174 |      1.47387 |     0.295334 |       -0.994559 |
|----------+--------------+--------------+-----------------|
|      175 |      1.40018 |     -2.94015 |       -0.550277 |
|----------+--------------+--------------+-----------------|
|      176 |      1.33017 |      1.73363 |       -0.823629 |
|----------+--------------+--------------+-----------------|
|      177 |      1.26366 |     -1.53567 |       -0.859709 |
|----------+--------------+--------------+-----------------|
|      178 |      1.20048 |    -0.722799 |       -0.967701 |
|----------+--------------+--------------+-----------------|
|      179 |      1.14045 |     -1.59121 |       -0.849927 |
|----------+--------------+--------------+-----------------|
|      180 |      1.08343 |      0.26835 |       -0.995506 |
|----------+--------------+--------------+-----------------|
|      181 |      1.02926 |      1.15394 |        -0.91906 |
|----------+--------------+--------------+-----------------|
|      182 |     0.977798 |      -0.8465 |       -0.955879 |
|----------+--------------+--------------+-----------------|
|      183 |     0.928908 |       1.7269 |        -0.82491 |
|----------+--------------+--------------+-----------------|
|      184 |     0.882462 |    -0.812835 |       -0.959272 |
|----------+--------------+--------------+-----------------|
|      185 |     0.838339 |     -2.62601 |       -0.627474 |
|----------+--------------+--------------+-----------------|
|      186 |     0.796422 |      -1.9226 |       -0.786228 |
|----------+--------------+--------------+-----------------|
|      187 |     0.756601 |     -1.52845 |        -0.86096 |
|----------+--------------+--------------+-----------------|
|      188 |     0.718771 |      -4.2965 |       -0.227055 |
|----------+--------------+--------------+-----------------|
|      189 |     0.682833 |     -2.72405 |       -0.603628 |
|----------+--------------+--------------+-----------------|
|      190 |     0.648691 |    -0.193387 |       -0.997664 |
|----------+--------------+--------------+-----------------|
|      191 |     0.616256 |    -0.193387 |       -0.997664 |
|----------+--------------+--------------+-----------------|
|      192 |     0.585444 |     0.672896 |       -0.971967 |
|----------+--------------+--------------+-----------------|
|      193 |     0.556171 |    -0.692195 |       -0.970352 |
|----------+--------------+--------------+-----------------|
|      194 |     0.528363 |    -0.692195 |       -0.970352 |
|----------+--------------+--------------+-----------------|
|      195 |     0.501945 |     -1.44295 |       -0.875417 |
|----------+--------------+--------------+-----------------|
|      196 |     0.476847 |     -1.44295 |       -0.875417 |
|----------+--------------+--------------+-----------------|
|      197 |     0.453005 |      1.00385 |       -0.938329 |
|----------+--------------+--------------+-----------------|
|      198 |     0.430355 |     0.391743 |       -0.990439 |
|----------+--------------+--------------+-----------------|
|      199 |     0.408837 |      1.69948 |        -0.83009 |
|----------+--------------+--------------+-----------------|
|      200 |     0.388395 |     -1.33991 |       -0.891925 |
|----------+--------------+--------------+-----------------|
|      201 |     0.368975 |     0.853412 |       -0.955167 |
|----------+--------------+--------------+-----------------|
|      202 |     0.350527 |      0.31838 |       -0.993678 |
|----------+--------------+--------------+-----------------|
|      203 |        0.333 |      0.31838 |       -0.993678 |
|----------+--------------+--------------+-----------------|
|      204 |      0.31635 |      0.31838 |       -0.993678 |
|----------+--------------+--------------+-----------------|
|      205 |     0.300533 |      0.31838 |       -0.993678 |
|----------+--------------+--------------+-----------------|
|      206 |     0.285506 |      0.31838 |       -0.993678 |
|----------+--------------+--------------+-----------------|
|      207 |     0.271231 |      1.00071 |       -0.938707 |
|----------+--------------+--------------+-----------------|
|      208 |     0.257669 |       1.7018 |       -0.829653 |
|----------+--------------+--------------+-----------------|
|      209 |     0.244786 |     -1.28899 |       -0.899702 |
|----------+--------------+--------------+-----------------|
|      210 |     0.232547 |      1.25484 |       -0.904773 |
|----------+--------------+--------------+-----------------|
|      211 |     0.220919 |     -2.51979 |       -0.652959 |
|----------+--------------+--------------+-----------------|
|      212 |     0.209873 |     -1.43736 |       -0.876338 |
|----------+--------------+--------------+-----------------|
|      213 |      0.19938 |      1.44844 |       -0.874507 |
|----------+--------------+--------------+-----------------|
|      214 |     0.189411 |     -1.95985 |       -0.778542 |
|----------+--------------+--------------+-----------------|
|      215 |      0.17994 |     0.248645 |       -0.996141 |
|----------+--------------+--------------+-----------------|
|      216 |     0.170943 |     0.248645 |       -0.996141 |
|----------+--------------+--------------+-----------------|
|      217 |     0.162396 |    -0.747505 |       -0.965482 |
|----------+--------------+--------------+-----------------|
|      218 |     0.154276 |     0.995655 |       -0.939311 |
|----------+--------------+--------------+-----------------|
|      219 |     0.146562 |      1.20653 |       -0.911744 |
|----------+--------------+--------------+-----------------|
|      220 |     0.139234 |     -1.98929 |         -0.7724 |
|----------+--------------+--------------+-----------------|
|      221 |     0.132272 |     -1.57062 |       -0.853584 |
|----------+--------------+--------------+-----------------|
|      222 |     0.125659 |     0.395517 |       -0.990255 |
|----------+--------------+--------------+-----------------|
|      223 |     0.119376 |    0.0208824 |       -0.999973 |
|----------+--------------+--------------+-----------------|
|      224 |     0.113407 |    -0.616323 |       -0.976446 |
|----------+--------------+--------------+-----------------|
|      225 |     0.107737 |      1.09904 |       -0.926387 |
|----------+--------------+--------------+-----------------|
|      226 |      0.10235 |      1.09904 |       -0.926387 |
|----------------------------------------------------------|
	RESULT: Xmin = 1.09904		Fmin = -0.926387


